acquire 1624
    0384 1624 1628 2560 2634
    2658 2723 2766 2784 2830
    2923 2957 3055 3118 3136
    3167 3181 3324 3400 3432
    3476 3527 3607 3634 3759
    3926 3943 4224 4708 4728
    5310 5365 5470 5533 5624
    5636 5655 5830 5857 5874
    5931 6258 6291 6360 6367
    6880 6904 6918 7813 7834
    7855 9310 9481 9528 9564
acquiresleep 5622
    0393 5477 5492 5622 6311
allocproc 2555
    2555 2611 2696 3719
allocthread 3319
    3319 3372
allocuvm 2003
    0436 2003 2017 2023 2662
    3403 7650 7664
alltraps 4104
    4059 4067 4080 4085 4103
    4104
ALT 9010
    9010 9038 9040
argfd 7071
    7071 7122 7137 7157 7168
    7181
argint 4445
    0410 4445 4458 4474 4635
    4670 4680 4706 4741 4743
    4745 4757 4769 4771 7076
    7137 7157 7408 7475 7476
    7531
argptr 4454
    0411 4454 7137 7157 7181
    7557
argstr 4471
    0412 4471 7207 7308 7408
    7457 7474 7507 7531
__attribute__ 1461
    0273 0364 0374 1359 1461
BACK 9911
    9911 10024 10170 10439
backcmd 9946 10164
    9946 9959 10025 10164 10166
    10292 10405 10440
BACKSPACE 9400
    9400 9417 9459 9492 9498
balloc 6016
    6016 6036 6417 6425 6429
BBLOCK 5060
    5060 6023 6058
B_DIRTY 4812
    4812 5295 5319 5324 5360
    5378 5486 5519 5939
begin_op 5828
    0337 2761 3471 3628 5828
    6933 7024 7210 7311 7411
    7456 7473 7506 7621
bfree 6052
    6052 6464 6474 6477
bget 5466
    5466 5496 5506
binit 5438
    0264 1381 5438
bmap 6410
    6145 6410 6436 6519 6569
bootmain 10567
    10518 10567
BPB 5057
    5057 5060 6022 6024 6059
bread 5502
    0265 5502 5777 5778 5790
    5806 5888 5889 5985 6006
    6023 6058 6210 6231 6314
    6426 6470 6519 6569
brelse 5526
    0266 5526 5529 5781 5782
    5797 5814 5892 5893 5987
    6009 6029 6034 6065 6216
    6219 6240 6322 6432 6476
    6529 6573
BSIZE 5005
    4809 5005 5024 5051 5057
    5281 5297 5320 5758 5779
    5890 6007 6519 6520 6524
    6528 6565 6569 6570 6571
buf 4800
    0250 0265 0266 0267 0309
    0336 2170 2173 2182 2184
    4800 4806 4807 4808 5213
    5231 5234 5275 5307 5354
    5356 5359 5426 5430 5434
    5440 5453 5465 5468 5501
    5504 5515 5526 5706 5777
    5778 5790 5791 5797 5806
    5807 5813 5814 5888 5889
    5922 5970 5983 6004 6019
    6054 6206 6228 6305 6413
    6459 6505 6555 9230 9241
    9245 9248 9468 9490 9504
    9538 9559 9566 10034 10037
    10038 10039 10053 10065
    10066 10068 10069 10070
    10074
B_VALID 4811
    4811 5323 5360 5378 5507
